 0.7904    0.0418    0.4229    0.4094    0.1713    0.7285
 0.1920    0.5451    0.4452    0.3482    0.3508    0.1149
 0.1215    0.9418    0.9214    0.9766    0.4037    0.4245
 0.7963    0.2920    0.3471    0.7181    0.8324    0.5060
 0.6331    0.7755    0.1023    0.4257    0.8178    0.5164
 0.0337    0.5921    0.2065    0.1185    0.4183    0.8661
 0.9348    0.7683    0.6650    0.7393    0.3358    0.6819
 0.5126    0.7702    0.8161    0.6616    0.9251    0.8059
 0.5468    0.0378    0.9404    0.1040    0.7019    0.5298
 0.5986    0.2670    0.1950    0.1407    0.6941    0.9480
 0.7624    0.6364    0.7259    0.9662    0.9494    0.0438
 0.8388    0.4816    0.5562    0.5229    0.4821    0.5376
 0.3535    0.9789    0.3600    0.0350    0.7734    0.2706
 0.0967    0.7396    0.4589    0.0793    0.4137    0.4536
 0.7255    0.5686    0.4354    0.1586    0.8572    0.6920
 0.3007    0.2807    0.6218    0.8856    0.3641    0.1899
 0.8190    0.2272    0.7145    0.4770    0.6966    0.6042
 0.3330    0.8827    0.2637    0.5834    0.9797    0.3208
 0.8006    0.4228    0.0812    0.5186    0.5048    0.8840
 0.1787    0.7811    0.7960    0.0978    0.3986    0.1059
 0.1252    0.1067    0.3545    0.9005    0.1396    0.0833
 0.9019    0.8417    0.7377    0.3054    0.2455    0.9566
 0.0592    0.0192    0.1639    0.2775    0.0708    0.1347
 0.6709    0.9078    0.0954    0.6119    0.3330    0.1263
 0.7217    0.9225    0.8734    0.4864    0.2642    0.1425
 0.4273    0.5131    0.8457    0.3949    0.2828    0.0603
 0.3437    0.1226    0.9987    0.6821    0.8029    0.4286
 0.9948    0.1783    0.8356    0.9298    0.5064    0.6731
 0.3688    0.6861    0.0291    0.6529    0.4980    0.8394
 0.4382    0.8131    0.5112    0.2977    0.7502    0.7852
 0.1618    0.0264    0.9948    0.2199    0.0754    0.7178
 0.2951    0.7426    0.4618    0.4447    0.5952    0.4446
 0.2940    0.9564    0.8422    0.0354    0.2883    0.7064
 0.9262    0.3153    0.0581    0.8673    0.2685    0.9525
 0.2456    0.6224    0.9739    0.6432    0.5606    0.4984
 0.2876    0.3205    0.9060    0.2132    0.8739    0.3112
 0.3792    0.2039    0.5343    0.5542    0.1143    0.7808
 0.7009    0.7606    0.3876    0.0743    0.6224    0.2337
 0.1576    0.7196    0.2899    0.8482    0.9005    0.2273
 0.8844    0.2577    0.6891    0.4533    0.1180    0.4378
 0.0806    0.5849    0.0126    0.5661    0.2189    0.6392
 0.4518    0.3960    0.3108    0.5926    0.4546    0.6170
 0.0445    0.1041    0.9043    0.6927    0.8903    0.0953
 0.7505    0.0142    0.5163    0.3993    0.4620    0.1045
 0.6898    0.4891    0.4115    0.1056    0.1931    0.2805
 0.2048    0.2465    0.4448    0.4716    0.5117    0.7422
 0.6651    0.3139    0.2676    0.0658    0.5560    0.3979
 0.5516    0.2735    0.9301    0.7417    0.3933    0.8342
 0.8331    0.1662    0.9644    0.0551    0.0065    0.9188
 0.5575    0.3625    0.4713    0.9451    0.6490    0.3778
 0.9462    0.6755    0.9818    0.7487    0.4702    0.0223
 0.3848    0.1897    0.3970    0.9219    0.3464    0.5532
 0.3264    0.6528    0.3825    0.5414    0.0242    0.7461
 0.4915    0.4171    0.1822    0.2325    0.3028    0.3156
 0.2627    0.4022    0.1729    0.2658    0.1518    0.4813
 0.9621    0.1709    0.8096    0.7740    0.1204    0.2130
 0.4633    0.1844    0.6935    0.9994    0.7924    0.9220
 0.2591    0.6135    0.4972    0.3850    0.3669    0.4618
 0.4080    0.2450    0.8018    0.7642    0.0116    0.5344
 0.6904    0.5552    0.4653    0.1223    0.3254    0.2075
 0.3739    0.9462    0.5201    0.6224    0.7592    0.0734
 0.1832    0.7012    0.1895    0.4331    0.1030    0.0371
 0.8484    0.6693    0.5667    0.7334    0.9184    0.8203
 0.5696    0.9633    0.1270    0.2750    0.2365    0.7679
 0.3374    0.7542    0.0376    0.1109    0.2555    0.1648
 0.2108    0.6025    0.6582    0.4568    0.1275    0.8954
 0.2055    0.9510    0.5776    0.6678    0.7360    0.6854
 0.5164    0.0518    0.1966    0.1538    0.0334    0.6582
 0.4181    0.2366    0.3652    0.4660    0.9523    0.9887
 0.7385    0.9918    0.6096    0.6759    0.0931    0.0111
 0.0765    0.7464    0.5260    0.8157    0.2005    0.4174
 0.8256    0.4657    0.1170    0.3377    0.6266    0.4722
 0.6604    0.6719    0.1504    0.4201    0.0859    0.5766
 0.1346    0.3891    0.0045    0.8708    0.4894    0.0545
 0.8626    0.3521    0.3735    0.7046    0.6736    0.6606
 0.1994    0.1992    0.4297    0.2388    0.9312    0.0253
 0.6037    0.3555    0.1425    0.7759    0.6889    0.5445
 0.5406    0.0246    0.6312    0.3180    0.7248    0.7108
 0.1690    0.4583    0.0186    0.2927    0.3828    0.4655
 0.0144    0.2971    0.1139    0.0102    0.1653    0.6349
 0.7723    0.9826    0.9383    0.4002    0.4937    0.1924
 0.7684    0.5510    0.9477    0.4362    0.1422    0.6467
 0.3881    0.8323    0.0213    0.3271    0.8532    0.3531
 0.0610    0.3739    0.4325    0.3104    0.6199    0.0868
 0.5758    0.4365    0.8331    0.2475    0.7975    0.3462
 0.1716    0.7993    0.2105    0.9192    0.7759    0.2621
 0.7179    0.9967    0.8102    0.8384    0.4387    0.2368
 0.5318    0.5068    0.7869    0.4185    0.2248    0.6436
 0.2539    0.9339    0.6043    0.4922    0.6338    0.5108
 0.9519    0.7241    0.0069    0.5897    0.9917    0.4079
 0.7566    0.5642    0.3281    0.5147    0.7484    0.2018
 0.9120    0.9743    0.8650    0.2842    0.8267    0.8508
 0.0733    0.7940    0.6486    0.9803    0.6649    0.8736
 0.1882    0.9652    0.3215    0.1909    0.5814    0.2780
 0.7341    0.6299    0.6123    0.8414    0.7330    0.6222
 0.6810    0.3452    0.2190    0.0451    0.4598    0.7728
 0.7775    0.4749    0.5516    0.3500    0.8780    0.9445
 0.5032    0.9251    0.9597    0.7501    0.0264    0.9013
 0.3961    0.0085    0.8241    0.6742    0.9654    0.3698
 0.6188    0.1624    0.2598    0.1752    0.0551    0.1529
 0.8408    0.4507    0.6506    0.9423    0.5251    0.7948
 0.6559    0.5305    0.3008    0.5646    0.3755    0.0901
 0.5208    0.0591    0.9694    0.2634    0.0657    0.1474
 0.2831    0.6417    0.0679    0.6005    0.6760    0.3355
 0.6981    0.8853    0.2394    0.9108    0.5922    0.8431
 0.3457    0.1101    0.7771    0.8950    0.7629    0.5706
 0.5627    0.4095    0.0703    0.5018    0.5444    0.5887
 0.9171    0.2641    0.5037    0.4460    0.7867    0.9105
 0.8215    0.9863    0.7551    0.3438    0.5657    0.5555
 0.9402    0.6098    0.7033    0.0947    0.9436    0.0080
 0.9723    0.2246    0.1240    0.7687    0.8808    0.8119
 0.7868    0.1476    0.3917    0.1495    0.4796    0.6072
 0.0021    0.5408    0.2901    0.3776    0.7681    0.4455
 0.0054    0.8000    0.4169    0.4129    0.4437    0.2689
 0.1057    0.8300    0.5647    0.8781    0.8242    0.2500
 0.2692    0.8173    0.1381    0.0256    0.2418    0.4556
 0.0391    0.1907    0.8792    0.8229    0.9734    0.2188
 0.3938    0.5355    0.6188    0.3036    0.1952    0.0188
 0.3162    0.8608    0.1497    0.2598    0.0375    0.1568
 0.5390    0.1256    0.5405    0.5089    0.7263    0.2535
 0.9551    0.8363    0.9160    0.7288    0.8399    0.1709
 0.2765    0.9194    0.7431    0.2099    0.9220    0.5906
 0.3091    0.2075    0.6708    0.2265    0.2521    0.8253
 0.8657    0.0942    0.4062    0.9650    0.7810    0.8180
 0.3105    0.4608    0.2519    0.6069    0.5167    0.8010
 0.1352    0.8204    0.5480    0.3330    0.4256    0.7042
 0.5071    0.4492    0.2282    0.9588    0.8105    0.8619
 0.8522    0.3806    0.2846    0.8967    0.9592    0.7765
 0.3591    0.4931    0.8883    0.2034    0.0440    0.1796
 0.6774    0.1381    0.8623    0.0045    0.6660    0.9923
 0.6273    0.1436    0.7527    0.7123    0.1597    0.0656
 0.4492    0.8557    0.9118    0.8542    0.3731    0.6537
 0.4775    0.5963    0.1574    0.1356    0.1885    0.1988
 0.9773    0.2328    0.4859    0.0617    0.8413    0.2408
 0.0890    0.8515    0.5995    0.6258    0.9995    0.3275
 0.2719    0.0453    0.8927    0.6312    0.6060    0.1692
 0.4449    0.4341    0.6271    0.5460    0.6511    0.5038
 0.5834    0.7138    0.3441    0.0168    0.9373    0.9317
 0.8923    0.3068    0.7069    0.6964    0.6387    0.3722
 0.4734    0.3660    0.7947    0.9316    0.5496    0.5835
 0.4320    0.5157    0.5721    0.8634    0.3419    0.5969
 0.7432    0.8930    0.0758    0.1273    0.6049    0.7214
 0.4693    0.7594    0.8975    0.3706    0.3147    0.3886
 0.8704    0.0846    0.0478    0.2447    0.3894    0.8579
 0.4568    0.2532    0.4943    0.5775    0.3177    0.9082
 0.4967    0.3409    0.1099    0.6478    0.4316    0.7561
 0.4866    0.8489    0.3312    0.3205    0.4657    0.2893
 0.2163    0.3910    0.7810    0.7968    0.9125    0.7955
 0.1008    0.2167    0.2235    0.7901    0.1348    0.1236
 0.0674    0.5899    0.8594    0.7871    0.2784    0.4925
 0.9242    0.4761    0.6831    0.3658    0.5518    0.6111
 0.2281    0.8954    0.3159    0.0877    0.4461    0.6966
 0.8759    0.9375    0.2308    0.7073    0.1836    0.3593
 0.7091    0.7858    0.2417    0.9941    0.5725    0.7365
 0.8884    0.6943    0.7302    0.1718    0.8859    0.8944
 0.9652    0.7312    0.0303    0.1302    0.0170    0.0303
 0.1410    0.9104    0.6694    0.9073    0.4073    0.1156
 0.3639    0.0608    0.5868    0.4976    0.0533    0.8774
 0.9950    0.3037    0.7176    0.8310    0.5379    0.4116
 0.6397    0.0039    0.9547    0.8145    0.5210    0.4001
 0.9379    0.8074    0.3355    0.1956    0.7433    0.9644
 0.4830    0.5030    0.2475    0.2550    0.1477    0.7512
 0.0280    0.3376    0.8511    0.0824    0.5782    0.9809
 0.6244    0.2100    0.7697    0.6366    0.4216    0.2211
 0.2229    0.5270    0.4037    0.7822    0.8622    0.0790
 0.5269    0.2753    0.0867    0.5376    0.6117    0.3629
 0.7101    0.0775    0.5393    0.0434    0.2975    0.4899
 0.6089    0.0978    0.1668    0.9870    0.2930    0.5484
 0.5882    0.0711    0.5081    0.5304    0.1776    0.9793
 0.4237    0.3763    0.2962    0.3566    0.9647    0.4777
 0.2385    0.1328    0.2717    0.1803    0.2129    0.3821
 0.4041    0.4147    0.6981    0.6595    0.0952    0.9960
 0.0249    0.9046    0.4785    0.5974    0.3061    0.2579
 0.6128    0.3310    0.7483    0.7594    0.7064    0.6673
 0.9838    0.1167    0.1754    0.1673    0.6562    0.9704
 0.1157    0.5748    0.6377    0.3866    0.6412    0.6755
 0.0524    0.8672    0.0428    0.1643    0.0008    0.3023
 0.9054    0.3264    0.7627    0.8261    0.3211    0.5205
 0.2401    0.0344    0.6403    0.3630    0.8951    0.0047
 0.0171    0.1589    0.9289    0.2855    0.2344    0.8860
 0.7844    0.0859    0.0906    0.0085    0.5880    0.3933
 0.1504    0.7293    0.8849    0.8047    0.2075    0.3089
 0.8970    0.4256    0.4533    0.5289    0.0837    0.9259
 0.1106    0.6554    0.5812    0.5596    0.3598    0.4333
 0.3229    0.6849    0.2783    0.8552    0.8051    0.2992
 0.5920    0.5781    0.0619    0.7249    0.9814    0.0599
 0.5746    0.6192    0.8277    0.6894    0.8693    0.5652
 0.6504    0.8773    0.1349    0.1899    0.0493    0.1366
 0.6418    0.6495    0.3070    0.5739    0.2715    0.0457
 0.4145    0.8748    0.5920    0.9549    0.1631    0.5603
 0.1465    0.4403    0.9868    0.6168    0.2296    0.2916
 0.7480    0.1501    0.4833    0.8074    0.9879    0.3404
 0.2346    0.0682    0.9775    0.9738    0.5343    0.7337
 0.6489    0.6968    0.2015    0.8840    0.7160    0.8456
 0.8588    0.2897    0.3556    0.2245    0.8453    0.3304
 0.0939    0.6640    0.6797    0.0532    0.1100    0.9685
 0.9865    0.6348    0.0545    0.4650    0.9067    0.9396
 0.0462    0.5227    0.7218    0.0220    0.0616    0.1812
 0.8073    0.7092    0.3762    0.4826    0.7137    0.7646
 0.8122    0.4950    0.7701    0.9385    0.6808    0.6264
